4100
4084
4099
4098
4094
4099
4100
4093
4096
4098
4096
4105
4097
4099
4108
4096
4095
4089
4095
4095
4100
4096
4099
4098
4097
4094
4098
4103
4097
4103
4150
4091
4092
4102
4093
4084
4098
4109
4096
4094
4099
4094
4093
4093
4091
4109
4086
4110
4090
4103
4088
4095
4095
4099
4098
4106
4108
4092
4101
4098
4101
4106
4095
4104
4093
4102
4096
4102
4095
4101
4090
4094
4094
4086
4101
4090
4094
4097
4092
4113
4082
4123
4082
4078
4078
4079
4094
4110
4083
4131
4072
4081
4084
4087
4071
4060
4096
4102
4135
4090
4077
4099
4110
4111
4084
4100
4091
4115
4085
4111
4098
4096
4107
4089
4075
4129
4115
4090
4067
4103
4075
4111
4105
4104
4497
4565
4273
4767
4398
4480
4615
4348
4429
4433
4236
4246
4123
4129
4202
4074
4147
4063
4167
4112
4124
4114
4097
4133
4069
4078
4132
4055
4124
4067
4124
4068
4108
4024
4104
4031
4106
4108
4059
4120
4068
4083
4055
4073
4062
4109
4078
4114
4078
4145
4065
4127
4088
4096
4114
4061
4110
4129
4093
4142
4081
4080
4121
4079
4141
4132
4155
4133
4070
4150
4071
4190
4066
4149
4048
4167
4072
4138
4057
4143
4086
4107
4106
4131
4064
4111
4065
4080
3996
4122
4065
4077
4091
4072
4023
4056
4009
4075
4061
4039
4028
4072
4062
4044
4086
4086
4129
4093
4100
4086
4037
4086
4096
4071
4095
4049
4069
4101
4090
4093
4124
4054
4160
4056
4125
4083
4161
4103
4138
4075
4150
4084
4162
4060
4133
4101
4084
4097
4081
4088
4059
4083
4096
4098
4065
4106
4073
4091
4020
4041
4038
4087
4015
4096
4035
4099
3987
4079
4094
4150
4069
4118
4092
4165
4040
4179
4040
4155
4034
4160
4020
4168
4041
4135
4028
4170
3537
3920
3755
3826
3731
3805
3699
3735
3740
4063
4055
4070
4102
4078
4150
4096
4073
4116
4079
4111
4116
4066
4148
4086
4065
4125
4058
4075
4109
4061
4134
4088
4108
4120
4075
4087
4108
4077
4111
4090
3789
3836
3745
3763
4242
4158
4055
4158
4103
4161
4143
4054
4093
4076
4099
4088
4089
4120
4103
4061
4102
4083
4083
4105
4101
4101
4105
4113
4114
4096
4091
4083
4111
4082
4104
4100
4110
4084
4105
4112
4116
4093
4097
4132
4100
4098
4096
4087
4085
4101
4090
4120
4100
4141
4092
4118
4062
4095
4113
4069
4137
4082
4116
4084
4083
4099
4092
4069
4084
4107
4087
4072
4082
4120
4093
4090
4081
4116
4109
4142
4118
4085
4116
4085
4111
4087
4081
4119
4141
4070
4035
3698
3886
3828
3748
3763
3822
3817
3811
3797
3823
3852
3832
3926
3944
3960
4029
4081
4091
4072
4115
4013
4121
4073
4118
4124
4095
4119
4054
4119
4074
4175
4062
4122
4110
4067
4056
4087
4119
4082
4160
4086
4069
4071
4107
4061
4032
4097
4031
4152
4093
4153
4098
4075
4047
4047
4070
4055
4151
4115
4197
4134
4145
4084
4054
4040
4060
4168
4127
4174
4090
4140
4085
4089
4002
4046
4065
4071
4168
4117
4160
4119
4158
4047
4072
4045
4033
4070
4093
4083
4111
4133
4104
4176
4080
4055
4034
4063
4116
4083
4128
4140
4130
4093
4066
4081
4073
4020
4030
4119
4164
4113
4085
4162
4132
4127
4139
4111
4027
4079
4055
4047
4160
4113
4170
4111
4151
4059
4094
4049
4042
4052
4100
4108
4043
4179
4143
4081
4060
4039
4104
4029
4150
4087
4119
4137
4155
4144
4082
4052
4063
4082
4055
4121
4079
4105
4118
4151
4126
4160
4088
4076
4051
4077
4117
4078
4108
4143
4129
4099
4077
4099
4040
4081
4044
4091
4061
4133
4079
4141
4143
4087
4155
4048
4077
4094
4877
4351
4431
4760
4482
4611
4717
3981
4324
3976
3985
4212
4039
4222
4054
4122
4054
4056
4139
4087
4127
4072
4083
4094
4094
4123
4081
4107
4085
4119
4096
4110
4104
4078
4092
4228
4347
4448
4445
4164
3898
4390
3859
4209
4107
4018
4185
3999
4192
4090
4108
4101
4089
4101
4086
4089
4129
4111
4101
4109
4103
4101
4107
4094
4089
4091
4096
4126
4056
4080
4122
4141
4104
4082
4070
4090
4078
4117
4100
4093
4089
4107
4099
4100
4088
4104
4084
4100
4116
4036
4082
4092
4072
4116
4099
4099
4099
4108
4094
4088
4105
4057
4113
4111
4097
4079
4074
4117
4082
4098
4106
4092
4095
4097
4088
4088
4099
4086
4093
4084
4094
4088
4078
4085
4102
4087
4105
4101
4529
4703
4133
4825
4449
4454
4791
4454
4391
4474
4156
4137
4178
4030
4167
4076
4107
4154
4100
4153
4055
4196
4021
4170
4050
4056
4126
4041
4147
4075
4147
4108
4099
4110
4109
4071
4181
4084
4126
4116
4067
4114
4141
4100
4167
4099
4150
4088
4153
4069
4174
4117
4166
4087
4168
4071
4167
4086
4213
4091
4177
4098
4229
4078
4176
4091
4188
4073
4146
4091
4108
4131
4140
4053
4034
4106
4028
4119
4046
4033
4100
4038
4100
4104
4023
4094
4099
4127
4082
4104
4137
4108
4093
4135
4078
4106
4117
4138
4113
4117
4104
4132
4086
4155
4102
4148
4063
4152
4052
4172
4032
4176
4079
4105
4064
4128
4073
4139
4074
4136
3999
4123
4066
4095
4034
4154
4053
4112
4028
4078
4053
4046
4094
4047
4100
4119
4055
4124
4028
4085
4032
4101
4073
4031
4112
4074
4142
4031
4114
4074
4076
4085
4143
4106
4121
4082
4141
4114
4160
4103
4200
4016
4177
4048
4151
4100
4116
4117
4120
4059
4186
4045
4206
4007
4209
4065
3681
3992
3670
3852
3719
3805
3737
3729
3700
3969
4036
4116
4077
4119
4110
4087
4082
4112
4045
4149
4083
4071
4172
4033
4065
4138
4028
4167
4095
4045
4190
4053
4095
4126
4042
4159
4090
4055
4180
4041
3759
3810
3717
3846
4046
4252
3932
4187
4090
4110
4130
4054
4097
4102
4107
4105
4097
4090
4127
4074
4099
4092
4094
4104
4108
4103
4117
4104
4074
4115
4085
4061
4117
4079
4059
4054
4102
4092
4108
4108
4104
4084
4095
4101
4090
4086
4093
4086
4087
4086
4098
4107
4082
4119
4110
4072
4032
4102
4098
4087
4104
4131
4099
4057
4110
4081
4117
4091
4122
4084
4093
4122
4094
4107
4089
4105
4122
4101
4093
4144
4100
4104
4110
4047
4123
4067
4086
4120
4095
4106
4081
4098
4089
4099
4092
4111
4088































































































































































































































































































































































































































































































































































































































































































































































































































































































































































































































































































