982.948
982.933
982.933
982.933
982.933
982.933
982.948
982.948
982.948
982.948
982.948
982.948
982.948
982.948
982.972
982.972
982.972
982.948
982.972
982.972
982.972
982.948
982.972
982.972
982.909
982.909
982.909
982.909
982.909
982.909
982.909
982.909
982.909
982.909
982.909
982.909
982.909
982.972
982.972
982.972
982.972
982.972
982.972
982.972
982.933
982.909
982.909
982.909
982.909
982.909
982.909
982.933
982.933
982.909
982.933
982.933
982.933
982.933
982.933
982.933
982.933
982.933
982.933
982.933
982.933
982.933
982.933
982.933
982.948
982.933
982.933
982.933
982.933
982.933
982.909
982.933
982.909
982.909
982.909
982.933
982.909
982.909
982.909
982.909
982.933
982.933
982.933
982.933
982.948
982.933
982.933
982.933
982.933
982.933
982.933
982.933
982.948
982.933
982.909
982.933
982.933
982.933
982.909
982.933
982.933
982.909
982.909
982.933
982.909
982.909
982.909
982.909
982.909
982.933
982.909
982.933
982.933
982.909
982.933
982.933
982.933
982.933
982.933
982.933
982.933
982.948
982.948
982.933
982.933
982.909
982.894
982.894
982.87
982.87
982.855
982.831
982.808
982.792
982.792
982.784
982.784
982.761
982.761
982.761
982.738
982.738
982.722
982.722
982.699
982.699
982.683
982.683
982.644
982.621
982.605
982.605
982.582
982.582
982.558
982.558
982.543
982.519
982.519
982.519
982.519
982.504
982.465
982.48
982.465
982.426
982.426
982.402
982.379
982.379
982.363
982.363
982.34
982.34
982.324
982.324
982.309
982.293
982.27
982.293
982.254
982.254
982.231
982.215
982.215
982.192
982.192
982.192
982.176
982.129
982.129
982.129
982.114
982.09
982.075
982.075
982.075
982.051
982.036
982.012
982.012
982.012
982.012
981.973
981.973
981.95
981.934
981.934
981.934
981.895
981.895
981.895
981.872
981.872
981.841
981.841
981.841
981.825
981.825
981.802
981.802
981.802
981.786
981.739
981.724
981.724
981.7
981.724
981.724
981.685
981.685
981.661
981.661
981.607
981.607
981.607
981.607
981.583
981.544
981.544
981.544
981.544
981.521
981.521
981.482
981.466
981.443
981.466
981.443
981.443
981.443
981.427
981.38
981.38
981.38
981.38
981.373
981.373
981.334
981.334
981.334
981.31
981.295
981.295
981.271
981.271
981.271
981.256
981.232
981.232
981.217
981.193
981.178
981.193
981.154
981.131
981.131
981.131
981.131
981.092
981.092
981.092
981.076
981.053
981.053
981.037
981.037
981.037
980.99
980.99
980.99
980.99
980.975
980.936
980.936
980.936
980.912
980.905
980.881
980.756
980.756
980.756
980.756
980.756
980.756
980.756
980.756
980.842
980.866
980.866
980.842
980.842
980.842
980.756
980.842
980.842
980.842
980.842
980.733
980.756
980.756
980.756
980.756
980.733
980.756
980.733
980.733
980.733
980.733
980.733
980.717
980.717
980.717
980.717
980.717
980.717
980.694
980.694
980.694
980.694
980.694
980.686
980.694
980.694
980.717
980.717
980.694
980.717
980.694
980.717
980.717
980.717
980.717
980.717
980.717
980.717
980.717
980.717
980.717
980.694
980.694
980.694
980.694
980.694
980.694
980.694
980.694
980.717
980.717
980.717
980.717
980.717
980.694
980.717
980.694
980.717
980.717
980.717
980.694
980.717
980.717
980.717
980.717
980.717
980.694
980.694
980.694
980.694
980.694
980.694
980.733
980.717
980.694
980.694
980.694
980.717
980.717
980.717
980.717
980.717
980.717
980.717
980.717
980.717
980.717
980.694
980.694
980.733
980.694
980.694
980.733
980.694
980.717
980.694
980.717
980.717
980.717
980.733
980.717
980.717
980.717
980.717
980.717
980.717
980.717
980.717
980.717
980.717
980.694
980.694
980.694
980.694
980.694
980.694
980.694
980.717
980.717
980.717
980.717
980.733
980.733
980.756
980.866
980.842
980.842
980.881
980.881
980.905
980.912
980.912
980.912
980.936
980.951
980.951
980.951
980.975
980.975
980.99
981.014
981.014
981.037
981.053
981.053
981.076
981.076
981.076
981.092
981.092
981.115
981.131
981.115
981.154
981.154
981.178
981.193
981.193
981.217
981.217
981.232
981.232
981.256
981.256
981.256
981.295
981.295
981.295
981.31
981.334
981.357
981.373
981.38
981.38
981.38
981.404
981.404
981.427
981.443
981.466
981.466
981.466
981.505
981.505
981.505
981.521
981.544
981.544
981.56
981.56
981.607
981.607
981.607
981.622
981.646
981.646
981.646
981.661
981.685
981.7
981.724
981.724
981.739
981.763
981.786
981.763
981.786
981.802
981.825
981.825
981.841
981.841
981.856
981.856
981.895
981.895
981.895
981.911
981.911
981.934
981.95
981.973
981.95
982.012
981.989
982.012
982.012
982.036
982.036
982.051
982.051
982.051
982.075
982.09
982.09
982.114
982.114
982.114
982.129
982.153
982.153
982.153
982.176
982.215
982.192
982.192
982.254
982.254
982.27
982.27
982.293
982.309
982.309
982.309
982.324
982.34
982.363
982.363
982.402
982.379
982.402
982.426
982.441
982.441
982.465
982.465
982.48
982.48
982.504
982.504
982.543
982.543
982.558
982.558
982.582
982.582
982.605
982.605
982.621
982.644
982.66
982.66
982.683
982.683
982.66
982.683
982.683
982.738
982.738
982.738
982.761
982.761
982.784
982.792
982.792
982.808
982.808
982.831
982.831
982.855
982.855
982.87
982.855
982.894
982.87
982.894
982.87
982.87
982.894
982.894
982.894
982.894
982.894
982.909
982.909
982.909
982.909
982.933
982.909
982.909
982.933
982.894
982.933
982.933
982.894
982.909
982.909
982.909
982.948
982.948
982.948
982.948
982.972
982.972
982.948
982.948
982.972
982.948
982.972
982.948
982.972
982.972
982.972
982.972
982.933
982.972
982.972
982.972
982.933
982.933
982.933
982.972
982.972
982.972
982.972
982.948
982.933
982.933
982.948
982.948
982.948
982.948
982.948
982.948
982.948
982.948
982.948
982.948
982.948
982.948
982.948
982.948
982.972
982.948
982.948
982.948
982.948
982.948
982.948
982.948
982.948
982.972
982.972
982.972
982.948
982.972
982.972
982.972
982.948
982.972
982.987
982.948
982.972
982.987
982.972
982.972
982.972
982.972
982.972
982.987
982.987
982.972
982.972
982.972
982.987
982.972
982.972
982.972
982.972
982.987
982.987
982.972
982.972
982.987
982.972
982.987
982.987
982.933
982.948
982.948
982.948
982.948
982.948
982.972
982.948
982.948
982.933
982.933
982.909
982.909
982.894
982.87
982.831
982.831
982.831
982.831
982.831
982.808
982.784
982.761
982.761
982.761
982.738
982.738
982.722
982.699
982.699
982.683
982.683
982.683
982.66
982.66
982.644
982.644
982.621
982.621
982.558
982.558
982.543
982.543
982.543
982.519
982.519
982.504
982.48
982.465
982.465
982.441
982.441
982.426
982.426
982.426
982.402
982.363
982.363
982.363
982.363
982.324
982.34
982.309
982.309
982.309
982.293
982.27
982.254
982.231
982.231
982.215
982.215
982.192
982.192
982.176
982.176
982.153
982.153
982.129
982.129
982.129
982.114
982.114
982.09
982.09
982.09
982.051
982.036
982.036
982.012
981.973
981.973
981.973
981.911
981.934
981.934
981.911
981.911
981.911
981.872
981.872
981.872
981.856
981.856
981.856
981.825
981.825
981.802
981.786
981.786
981.786
981.763
981.739
981.739
981.739
981.7
981.7
981.7
981.685
981.661
981.661
981.646
981.646
981.607
981.622
981.607
981.544
981.544
981.544
981.544
981.544
981.521
981.521
981.482
981.482
981.466
981.466
981.466
981.443
981.443
981.427
981.404
981.38
981.404
981.373
981.373
981.357
981.357
981.334
981.31
981.295
981.295
981.295
981.271
981.256
981.256
981.232
981.232
981.217
981.217
981.193
981.178
981.178
981.178
981.154
981.154
981.115
981.115
981.092
981.092
981.092
981.092
981.076
981.076
981.037
981.037
981.037
981.014
980.99
980.975
980.975
980.951
980.936
980.905
980.881
980.866
980.881
980.866
980.881
980.866
980.866
980.905
980.912
980.905
980.905
980.881
980.881
980.866
980.881
980.881
980.881
980.881
980.881
980.881
980.881
980.866
980.881
980.881
980.866
980.756
980.866
980.881
980.842
980.842
980.842
980.842
980.842
980.866
980.866
980.842
980.866
980.842
980.842
980.733
980.733
980.756
980.756
980.756
980.842
980.756
980.756
980.842
980.756
980.756
980.756
980.756
980.756
980.756
980.756
980.842
980.756
980.756
980.756
980.756
980.756
980.733
980.733
980.733
980.733
980.733
980.733
980.733
980.842
980.842
980.733
980.733
980.733
980.733
980.756
980.842
980.756
980.842
980.756
980.756
980.756
980.756
980.756
980.756
980.756
980.756
980.842
980.756
980.756
980.733
980.733
980.756
980.733
980.733
980.733
980.733
980.733
980.733
980.756
980.733
980.733
980.756
980.842
980.756
980.756
980.756
980.733
980.733
980.717
980.717
980.717
980.733
980.756
980.756
980.733
980.756
980.756
980.733
980.733
980.756
980.733
980.756
980.756
980.756
980.756
980.733
980.756
980.733
980.733
980.733
980.733
980.733
980.733
980.733































































































































































































































































































































































































































































































































































































































































































































































































































































































































































































































































































